14.550000 0.0000000 0.0000000 0.0000000 -0.0000000 -0.0000000 -0.0000000 1.0000000
14.750000 0.0105226 -0.0034660 0.0574695 -0.0030565 -0.0050151 0.0033782 0.9999771
14.800000 0.0105059 -0.0036208 0.0642616 -0.0030440 -0.0060898 0.0025253 0.9999737
14.900000 0.0076807 -0.0033221 0.0747910 -0.0025775 -0.0059046 -0.0005550 0.9999791
14.950000 0.0108094 -0.0039249 0.0875569 -0.0030031 -0.0075541 0.0010617 0.9999664
15.000000 0.0115543 -0.0042038 0.0980112 -0.0028434 -0.0079024 0.0008183 0.9999644
15.050000 0.0129219 -0.0045780 0.1084231 -0.0033820 -0.0087420 0.0015355 0.9999549
15.100000 0.0142469 -0.0047914 0.1174967 -0.0036231 -0.0100790 0.0015679 0.9999415
15.150000 0.0152649 -0.0051627 0.1255444 -0.0039618 -0.0116198 0.0010030 0.9999242
15.200000 0.0139924 -0.0046417 0.1313836 -0.0034118 -0.0112055 -0.0008825 0.9999310
15.250000 0.0127596 -0.0043069 0.1368393 -0.0027317 -0.0109225 -0.0030395 0.9999320
15.300000 0.0137575 -0.0045097 0.1449980 -0.0028789 -0.0123011 -0.0030340 0.9999156
15.350000 0.0141859 -0.0045945 0.1539087 -0.0029392 -0.0123770 -0.0033222 0.9999136
15.400000 0.0161180 -0.0050428 0.1641946 -0.0032928 -0.0138968 -0.0022233 0.9998956
15.450000 0.0165554 -0.0051440 0.1732378 -0.0036517 -0.0134634 -0.0017902 0.9999011
15.500000 0.0163938 -0.0051669 0.1792146 -0.0032839 -0.0144375 -0.0034246 0.9998845
15.550000 0.0170362 -0.0054927 0.1869468 -0.0027778 -0.0152795 -0.0026343 0.9998760
15.600000 0.0167195 -0.0053545 0.1929083 -0.0030023 -0.0153643 -0.0040398 0.9998693
15.650000 0.0165836 -0.0062447 0.1974207 -0.0041294 -0.0168199 -0.0040605 0.9998418
15.700000 0.0165288 -0.0060891 0.2027965 -0.0037320 -0.0175064 -0.0056767 0.9998237
15.750000 0.0170455 -0.0063104 0.2088499 -0.0033358 -0.0188865 -0.0062612 0.9997965
15.800000 0.0174424 -0.0064253 0.2154148 -0.0033461 -0.0191126 -0.0059431 0.9997941
15.850000 0.0179693 -0.0065723 0.2216326 -0.0032203 -0.0201673 -0.0056165 0.9997756
15.900000 0.0182637 -0.0067553 0.2268942 -0.0035014 -0.0212185 -0.0059724 0.9997509
15.950000 0.0178893 -0.0066663 0.2312408 -0.0038596 -0.0215236 -0.0075181 0.9997327
16.000000 0.0177591 -0.0067500 0.2360986 -0.0032317 -0.0215998 -0.0081497 0.9997283
16.050000 0.0181803 -0.0069265 0.2424588 -0.0028094 -0.0223756 -0.0082404 0.9997118
16.150000 0.0174948 -0.0070550 0.2471054 -0.0037906 -0.0241529 -0.0097394 0.9996536
16.200000 0.0169386 -0.0068058 0.2512927 -0.0027571 -0.0239617 -0.0113833 0.9996443
16.300000 0.0153998 -0.0063611 0.2577919 -0.0021897 -0.0236453 -0.0131700 0.9996313
16.400000 0.0140508 -0.0063329 0.2629663 -0.0023303 -0.0239100 -0.0147229 0.9996030
16.500000 0.0127560 -0.0063530 0.2684405 -0.0022954 -0.0240897 -0.0178546 0.9995477
16.600000 0.0123415 -0.0063612 0.2752499 -0.0021737 -0.0246354 -0.0197477 0.9994991
16.700000 0.0114964 -0.0065082 0.2817552 -0.0020104 -0.0248520 -0.0198033 0.9994930
16.800000 0.0101509 -0.0066849 0.2867181 -0.0024353 -0.0256258 -0.0227584 0.9994096
16.900000 0.0106948 -0.0067809 0.2927989 -0.0025628 -0.0281084 -0.0238798 0.9993163
17.000000 0.0108003 -0.0068851 0.2958911 -0.0021054 -0.0315235 -0.0264334 0.9991512
17.100000 0.0109327 -0.0069864 0.2981188 -0.0024367 -0.0326696 -0.0247811 0.9991560
17.200000 0.0108462 -0.0069304 0.3002282 -0.0022742 -0.0311491 -0.0270160 0.9991470
17.300000 0.0107728 -0.0069616 0.3008383 -0.0022270 -0.0345075 -0.0295398 0.9989653
17.400000 0.0109541 -0.0069686 0.3018468 -0.0034181 -0.0363968 -0.0292140 0.9989045
17.500000 0.0107133 -0.0069925 0.3013692 -0.0044301 -0.0345062 -0.0309082 0.9989166
17.600000 0.0108893 -0.0069986 0.3020482 -0.0028639 -0.0363491 -0.0283818 0.9989319
17.700000 0.0106290 -0.0069902 0.3014028 -0.0026923 -0.0336062 -0.0296670 0.9989911
17.800000 0.0106875 -0.0070182 0.3020353 -0.0033426 -0.0333848 -0.0278628 0.9990485
17.900000 0.0106527 -0.0070291 0.3024675 -0.0023749 -0.0350185 -0.0295914 0.9989457
18.000000 0.0106931 -0.0070387 0.3032051 -0.0026657 -0.0359859 -0.0311884 0.9988620
18.100000 0.0106738 -0.0070657 0.3038292 -0.0030967 -0.0361407 -0.0300212 0.9988909
18.200000 0.0106538 -0.0070868 0.3042536 -0.0031562 -0.0363089 -0.0307737 0.9988617
18.300000 0.0106362 -0.0070854 0.3048605 -0.0026977 -0.0367428 -0.0316909 0.9988185
18.450000 0.0106837 -0.0070982 0.3052176 -0.0031439 -0.0398340 -0.0333137 0.9986459
18.550000 0.0106995 -0.0071160 0.3054343 -0.0033772 -0.0413546 -0.0350790 0.9985229
18.650000 0.0106883 -0.0070934 0.3054356 -0.0021847 -0.0436190 -0.0357342 0.9984066
18.800000 0.0107053 -0.0070979 0.3053091 -0.0007670 -0.0417130 -0.0348424 0.9985216
18.950000 0.0108078 -0.0071221 0.3052330 0.0000757 -0.0434250 -0.0324589 0.9985293
19.100000 0.0107905 -0.0071236 0.3052913 0.0006440 -0.0444014 -0.0358025 0.9983718
19.250000 0.0108263 -0.0071282 0.3055081 0.0010066 -0.0438957 -0.0338520 0.9984619
19.400000 0.0108540 -0.0071333 0.3058280 0.0010933 -0.0470186 -0.0356755 0.9982561
