0.150000 0.0000000 0.0000000 0.0000000 -0.0000000 -0.0000000 -0.0000000 1.0000000
1.950000 0.0141956 -0.0013668 0.0024370 0.0018589 0.0010671 0.0002502 0.9999977
2.000000 0.0141633 -0.0016490 0.0020433 0.0018004 0.0013162 0.0000937 0.9999975
2.100000 0.0143708 -0.0014490 0.0026656 0.0019516 0.0017051 0.0001395 0.9999967
6.650000 0.0680659 0.0022075 0.0065014 0.0081945 0.0039589 0.0022176 0.9999561
9.000000 0.1178608 0.0039927 0.0084116 0.0109893 0.0090185 0.0030129 0.9998944
9.200000 0.1192861 0.0044872 0.0090305 0.0112245 0.0114799 0.0028717 0.9998670
15.300000 0.0778677 0.0020082 0.0066435 0.0081359 0.0064024 0.0012321 0.9999456
16.150000 0.0564663 0.0012585 0.0054480 0.0074357 0.0029727 0.0005866 0.9999678
16.800000 0.0283018 -0.0003520 0.0055033 0.0065111 0.0071903 -0.0005597 0.9999528
17.300000 0.0262293 -0.0005204 0.0043340 0.0066202 0.0024864 -0.0004904 0.9999749
17.850000 0.0262637 -0.0005049 0.0035650 0.0069101 -0.0010374 -0.0002469 0.9999756
