0.150000 0.0000000 0.0000000 0.0000000 -0.0000000 -0.0000000 -0.0000000 1.0000000
1.550000 0.0029527 -0.0000683 0.0013793 0.0019027 0.0030543 0.0000765 0.9999935
1.600000 0.0029506 -0.0000596 0.0013729 0.0020273 0.0033212 0.0000443 0.9999924
2.050000 0.0029379 -0.0000385 0.0014460 0.0026718 0.0055907 -0.0002006 0.9999808
3.400000 0.0028458 -0.0000593 0.0016540 0.0042481 0.0138385 -0.0006950 0.9998950
5.800000 0.0035222 -0.0000784 0.0008305 0.0059860 0.0304574 -0.0005146 0.9995180
8.400000 0.0043007 -0.0000152 -0.0016561 0.0094954 0.0609084 -0.0012791 0.9980974
12.200000 0.0042536 -0.0000238 -0.0016021 0.0076445 0.0820577 -0.0040503 0.9965900
13.500000 0.0042645 -0.0000229 -0.0016147 0.0075006 0.0730921 -0.0041463 0.9972884
14.050000 0.0042772 -0.0000203 -0.0016323 0.0073684 0.0658825 -0.0031173 0.9977953
17.800000 0.0043412 -0.0000153 -0.0017467 0.0075032 0.0084568 -0.0007861 0.9999358
